3	0
0.0	0.0
0.002	3.20966e-05
0.004	0.000111823
0.006	0.000198696
0.008	0.000283603
0.01	0.000364639
0.012	0.000441578
0.014	0.000514639
0.016	0.000584149
0.018000000000000002	0.000650436
0.02	0.0007138
0.022	0.000774506
0.024	0.000832786
0.026000000000000002	0.000888839
0.028	0.00094284
0.03	0.000994941
0.032	0.00104527
0.034	0.00109396
0.036000000000000004	0.0011411
0.038	0.00118679
0.04	0.0012311
0.042	0.00127412
0.044	0.00131591
0.046	0.00135653
0.048	0.00139604
0.05	0.00143448
0.052000000000000005	0.00147189
0.054	0.00150833
0.056	0.00154383
0.058	0.00157842
0.06	0.00161214
0.062	0.00164501
0.064	0.00167707
0.066	0.00170834
0.068	0.00173884
0.07	0.00176859
0.07200000000000001	0.00179762
0.074	0.00182595
0.076	0.00185359
0.078	0.00188057
0.08	0.00190689
0.082	0.00193257
0.084	0.00195763
0.08600000000000001	0.00198209
0.088	0.00200594
0.09	0.00202922
0.092	0.00205191
0.094	0.00207405
0.096	0.00209564
0.098	0.00211669
0.1	0.0021372
0.10200000000000001	0.00215719
0.10400000000000001	0.00217667
0.106	0.00219564
0.108	0.00221411
0.11	0.0022321
0.112	0.0022496
0.114	0.00226662
0.116	0.00228317
0.11800000000000001	0.00229926
0.12	0.0023149
0.122	0.00233008
0.124	0.00234482
0.126	0.00235912
0.128	0.00237298
0.13	0.00238642
0.132	0.00239943
0.134	0.00241202
0.136	0.0024242
0.138	0.00243597
0.14	0.00244733
0.14200000000000002	0.00245829
0.14400000000000002	0.00246886
0.146	0.00247903
0.148	0.00248882
0.15	0.00249822
0.152	0.00250723
0.154	0.00251587
0.156	0.00252414
0.158	0.00253204
0.16	0.00253957
0.162	0.00254674
0.164	0.00255354
0.166	0.00255999
0.168	0.00256609
0.17	0.00257184
0.17200000000000001	0.00257724
0.17400000000000002	0.00258229
0.176	0.002587
0.178	0.00259138
0.18	0.00259542
0.182	0.00259913
0.184	0.0026025
0.186	0.00260556
0.188	0.00260828
0.19	0.00261069
0.192	0.00261277
0.194	0.00261454
0.196	0.002616
0.198	0.00261714
0.2	0.00261798
0.202	0.00261851
0.20400000000000001	0.00261874
0.20600000000000002	0.00261867
0.20800000000000002	0.0026183
0.21	0.00261763
0.212	0.00261667
0.214	0.00261542
0.216	0.00261387
0.218	0.00261205
0.22	0.00260994
0.222	0.00260755
0.224	0.00260487
0.226	0.00260193
0.228	0.0025987
0.23	0.00259521
0.232	0.00259145
0.234	0.00258742
0.23600000000000002	0.00258312
0.23800000000000002	0.00257856
0.24	0.00257374
0.242	0.00256866
0.244	0.00256333
0.246	0.00255774
0.248	0.00255191
0.25	0.00254582
0.252	0.00253949
0.254	0.00253291
0.256	0.00252609
0.258	0.00251903
0.26	0.00251173
0.262	0.0025042
0.264	0.00249644
0.266	0.00248844
0.268	0.00248022
0.27	0.00247177
0.272	0.00246309
0.274	0.0024542
0.276	0.00244509
0.278	0.00243576
0.28	0.00242621
0.28200000000000003	0.00241646
0.28400000000000003	0.00240649
0.28600000000000003	0.00239632
0.28800000000000003	0.00238594
0.29	0.00237536
0.292	0.00236458
0.294	0.0023536
0.296	0.00234242
0.298	0.00233106
0.3	0.0023195
0.302	0.00230775
0.304	0.00229582
0.306	0.00228371
0.308	0.00227141
0.31	0.00225893
0.312	0.00224628
0.314	0.00223346
0.316	0.00222046
0.318	0.00220729
0.32	0.00219396
0.322	0.00218047
0.324	0.00216681
0.326	0.002153
0.328	0.00213902
0.33	0.0021249
0.332	0.00211062
0.334	0.0020962
0.336	0.00208162
0.338	0.00206691
0.34	0.00205205
0.342	0.00203706
0.34400000000000003	0.00202193
0.34600000000000003	0.00200666
0.34800000000000003	0.00199127
0.35000000000000003	0.00197575
0.352	0.0019601
0.354	0.00194433
0.356	0.00192844
0.358	0.00191243
0.36	0.00189631
0.362	0.00188008
0.364	0.00186373
0.366	0.00184729
0.368	0.00183073
0.37	0.00181408
0.372	0.00179733
0.374	0.00178048
0.376	0.00176354
0.378	0.00174651
0.38	0.0017294
0.382	0.0017122
0.384	0.00169492
0.386	0.00167756
0.388	0.00166012
0.39	0.00164262
0.392	0.00162504
0.394	0.0016074
0.396	0.00158969
0.398	0.00157192
0.4	0.00155409
0.402	0.00153621
0.404	0.00151828
0.406	0.0015003
0.40800000000000003	0.00148227
0.41000000000000003	0.0014642
0.41200000000000003	0.00144609
0.41400000000000003	0.00142794
0.41600000000000004	0.00140976
0.418	0.00139155
0.42	0.00137331
0.422	0.00135505
0.424	0.00133676
0.426	0.00131846
0.428	0.00130014
0.43	0.00128181
0.432	0.00126347
0.434	0.00124513
0.436	0.00122678
0.438	0.00120844
0.44	0.0011901
0.442	0.00117177
0.444	0.00115344
0.446	0.00113514
0.448	0.00111685
0.45	0.00109858
0.452	0.00108033
0.454	0.00106211
0.456	0.00104392
0.458	0.00102577
0.46	0.00100765
0.462	0.000989578
0.464	0.000971547
0.466	0.000953564
0.468	0.000935632
0.47000000000000003	0.000917755
0.47200000000000003	0.000899936
0.47400000000000003	0.000882179
0.47600000000000003	0.000864487
0.47800000000000004	0.000846863
0.48	0.000829312
0.482	0.000811837
0.484	0.000794442
0.486	0.000777129
0.488	0.000759903
0.49	0.000742767
0.492	0.000725725
0.494	0.000708781
0.496	0.000691937
0.498	0.000675199
0.5	0.000658569
0.502	0.000642052
0.504	0.00062565
0.506	0.000609369
0.508	0.000593211
0.51	0.00057718
0.512	0.00056128
0.514	0.000545515
0.516	0.000529889
0.518	0.000514406
0.52	0.000499069
0.522	0.000483882
0.524	0.00046885
0.526	0.000453975
0.528	0.000439263
0.53	0.000424716
0.532	0.00041034
0.534	0.000396137
0.536	0.000382112
0.538	0.000368269
0.54	0.000354612
0.542	0.000341145
0.544	0.000327872
0.546	0.000314796
0.548	0.000301923
0.55	0.000289256
0.552	0.000276799
0.554	0.000264557
0.556	0.000252533
0.558	0.000240731
0.56	0.000229157
0.562	0.000217814
0.5640000000000001	0.000206706
0.5660000000000001	0.000195837
0.5680000000000001	0.000185213
0.5700000000000001	0.000174836
0.5720000000000001	0.000164711
0.5740000000000001	0.000154843
0.5760000000000001	0.000145236
0.578	0.000135894
0.58	0.000126822
0.582	0.000118023
0.584	0.000109503
0.586	0.000101265
0.588	9.33138e-05
0.59	8.56544e-05
0.592	7.82907e-05
0.594	7.12273e-05
0.596	6.44687e-05
0.598	5.80193e-05
0.6	5.18837e-05
0.602	4.60662e-05
0.604	4.05716e-05
0.606	3.54042e-05
0.608	3.05687e-05
0.61	2.60697e-05
0.612	2.19117e-05
0.614	1.80993e-05
0.616	1.46372e-05
0.618	1.15301e-05
0.62	8.78248e-06
0.622	6.39916e-06
0.624	4.38478e-06
0.626	2.74405e-06
0.628	1.4817e-06
0.63	6.02463e-07
0.632	1.11105e-07
0.6335000000000001	0.0
