3	0
0.0	0.0
0.001	2.23612e-06
0.002	1.91284e-05
0.003	4.97657e-05
0.004	8.84285e-05
0.005	0.000131435
0.006	0.000176668
0.007	0.0002229
0.008	0.000269402
0.009000000000000001	0.000315734
0.01	0.000361624
0.011	0.000406905
0.012	0.000451481
0.013000000000000001	0.000495294
0.014	0.000538312
0.015	0.000580527
0.016	0.000621938
0.017	0.000662553
0.018000000000000002	0.000702388
0.019	0.000741457
0.02	0.000779779
0.021	0.000817376
0.022	0.000854266
0.023	0.00089047
0.024	0.000926007
0.025	0.000960898
0.026000000000000002	0.000995161
0.027	0.00102882
0.028	0.00106188
0.029	0.00109436
0.03	0.0011263
0.031	0.00115768
0.032	0.00118854
0.033	0.00121888
0.034	0.00124872
0.035	0.00127807
0.036000000000000004	0.00130696
0.037	0.00133538
0.038	0.00136334
0.039	0.00139086
0.04	0.00141795
0.041	0.00144463
0.042	0.00147089
0.043000000000000003	0.00149675
0.044	0.00152221
0.045	0.00154729
0.046	0.00157199
0.047	0.00159632
0.048	0.0016203
0.049	0.00164391
0.05	0.00166718
0.051000000000000004	0.0016901
0.052000000000000005	0.00171269
0.053	0.00173494
0.054	0.00175689
0.055	0.0017785
0.056	0.0017998
0.057	0.00182079
0.058	0.00184148
0.059000000000000004	0.00186188
0.06	0.00188198
0.061	0.0019018
0.062	0.00192132
0.063	0.00194057
0.064	0.00195954
0.065	0.00197823
0.066	0.00199666
0.067	0.00201482
0.068	0.00203274
0.069	0.00205038
0.07	0.00206777
0.07100000000000001	0.00208491
0.07200000000000001	0.0021018
0.073	0.00211845
0.074	0.00213486
0.075	0.00215103
0.076	0.00216696
0.077	0.00218266
0.078	0.00219813
0.079	0.00221337
0.08	0.00222838
0.081	0.00224317
0.082	0.00225774
0.083	0.0022721
0.084	0.00228624
0.085	0.00230016
0.08600000000000001	0.00231387
0.08700000000000001	0.00232737
0.088	0.00234066
0.089	0.00235375
0.09	0.00236663
0.091	0.00237931
0.092	0.00239181
0.093	0.00240409
0.094	0.00241618
0.095	0.00242808
0.096	0.00243978
0.097	0.00245129
0.098	0.00246262
0.099	0.00247375
0.1	0.00248471
0.106	0.00254659
0.112	0.00260214
0.11800000000000001	0.00265164
0.124	0.00269535
0.13	0.00273349
0.136	0.00276627
0.14200000000000002	0.00279389
0.148	0.00281652
0.154	0.00283436
0.16	0.00284753
0.166	0.00285621
0.17200000000000001	0.00286054
0.178	0.00286066
0.184	0.00285669
0.19	0.00284879
0.196	0.00283707
0.202	0.00282166
0.20800000000000002	0.00280267
0.214	0.00278023
0.22	0.00275448
0.226	0.00272551
0.232	0.00269346
0.23800000000000002	0.00265842
0.244	0.00262053
0.25	0.00257992
0.256	0.00253667
0.262	0.00249094
0.268	0.00244281
0.274	0.00239242
0.28	0.0023399
0.28600000000000003	0.00228535
0.292	0.00222891
0.298	0.0021707
0.304	0.00211083
0.31	0.00204943
0.316	0.00198665
0.322	0.0019226
0.328	0.00185741
0.334	0.00179122
0.34	0.00172415
0.34600000000000003	0.00165635
0.352	0.00158795
0.358	0.0015191
0.364	0.00144992
0.37	0.00138056
0.376	0.00131117
0.382	0.0012419
0.388	0.00117288
0.394	0.00110427
0.4	0.00103623
0.406	0.000968899
0.41200000000000003	0.000902439
0.418	0.000837005
0.424	0.000772757
0.43	0.000709859
0.436	0.000648472
0.442	0.000588761
0.448	0.000530895
0.454	0.000475042
0.46	0.000421375
0.466	0.000370068
0.47200000000000003	0.000321295
0.47800000000000004	0.000275235
0.484	0.000232068
0.49	0.000191976
0.496	0.000155143
0.502	0.000121755
0.508	9.20006e-05
0.514	6.60708e-05
0.52	4.4158e-05
0.526	2.64573e-05
0.532	1.31655e-05
0.538	4.48198e-06
0.544	6.07915e-07
0.55	4.13788e-07
0.556	4.15272e-07
0.562	4.16719e-07
0.5680000000000001	4.18132e-07
0.5740000000000001	4.19512e-07
0.58	4.20856e-07
0.586	4.22166e-07
0.592	4.23442e-07
0.598	4.24683e-07
0.604	4.2589e-07
0.61	4.27064e-07
0.616	4.28204e-07
0.622	4.29309e-07
0.628	4.3038e-07
0.634	4.31418e-07
0.64	4.32423e-07
0.646	4.33393e-07
0.652	4.3433e-07
0.658	4.35233e-07
0.664	4.36103e-07
0.67	4.3694e-07
0.676	4.37743e-07
0.682	4.38513e-07
0.6880000000000001	4.39249e-07
0.6940000000000001	4.39952e-07
0.7000000000000001	4.40622e-07
0.706	4.41259e-07
0.712	4.41862e-07
0.718	4.42432e-07
0.724	4.4297e-07
0.73	4.43474e-07
0.736	4.43945e-07
0.742	4.44384e-07
0.748	4.44789e-07
0.754	4.45162e-07
0.76	4.45501e-07
0.766	4.45808e-07
0.772	4.46082e-07
0.778	4.46323e-07
0.784	4.46531e-07
0.79	4.46707e-07
0.796	4.46849e-07
0.802	4.46959e-07
0.808	4.47036e-07
0.8140000000000001	4.47081e-07
0.8200000000000001	4.47092e-07
0.8260000000000001	4.47072e-07
0.8320000000000001	4.47018e-07
0.838	4.46932e-07
0.844	4.46814e-07
0.85	4.46663e-07
0.856	4.46479e-07
0.862	4.46262e-07
0.868	4.46012e-07
0.874	4.4573e-07
0.88	4.45415e-07
0.886	4.45068e-07
0.892	4.44688e-07
0.898	4.44275e-07
0.904	4.43829e-07
0.91	4.43351e-07
0.916	4.4284e-07
0.922	4.42296e-07
0.928	4.41718e-07
0.934	4.41108e-07
0.9400000000000001	4.40465e-07
0.9460000000000001	4.39789e-07
0.9520000000000001	4.39079e-07
0.9580000000000001	4.38336e-07
0.964	4.3756e-07
0.97	4.36751e-07
0.976	4.35908e-07
0.982	4.35031e-07
0.988	4.34121e-07
0.994	4.33177e-07
1.0	4.32198e-07
1.006	4.31186e-07
1.012	4.30139e-07
1.018	4.29059e-07
1.024	4.27944e-07
1.03	4.26793e-07
1.036	4.25608e-07
1.042	4.24388e-07
1.048	4.23132e-07
1.054	4.21842e-07
1.06	4.20515e-07
1.066	4.19153e-07
1.072	4.17755e-07
1.078	4.1632e-07
1.084	4.14849e-07
1.09	4.13342e-07
1.096	4.11797e-07
1.102	4.10215e-07
1.108	4.08595e-07
1.114	4.06938e-07
1.12	4.05243e-07
1.1260000000000001	4.03509e-07
1.1320000000000001	4.01736e-07
1.1380000000000001	3.99925e-07
1.1440000000000001	3.98074e-07
1.1500000000000001	3.96184e-07
1.156	3.94254e-07
1.162	3.92283e-07
1.168	3.90272e-07
1.174	3.88219e-07
1.18	3.86126e-07
1.186	3.83991e-07
1.192	3.81814e-07
1.198	3.79595e-07
1.204	3.77333e-07
1.21	3.75028e-07
1.216	3.72679e-07
1.222	3.70287e-07
1.228	3.67851e-07
1.234	3.6537e-07
1.24	3.62844e-07
1.246	3.60273e-07
1.252	3.57656e-07
1.258	3.54994e-07
1.264	3.52285e-07
1.27	3.49529e-07
1.276	3.46727e-07
1.282	3.43877e-07
1.288	3.40979e-07
1.294	3.38033e-07
1.3	3.3504e-07
1.306	3.31998e-07
1.312	3.28907e-07
1.318	3.25766e-07
1.324	3.22577e-07
1.33	3.19338e-07
1.336	3.1605e-07
1.342	3.12712e-07
1.348	3.09324e-07
1.354	3.05885e-07
1.36	3.02397e-07
1.366	2.98858e-07
1.372	2.95269e-07
1.3780000000000001	2.91629e-07
1.3840000000000001	2.8794e-07
1.3900000000000001	2.842e-07
1.3960000000000001	2.8041e-07
1.4020000000000001	2.76571e-07
1.408	2.72682e-07
1.414	2.68743e-07
1.42	2.64755e-07
1.426	2.60718e-07
1.432	2.56633e-07
1.438	2.52501e-07
1.444	2.48322e-07
1.45	2.44095e-07
1.456	2.39822e-07
1.462	2.35505e-07
1.468	2.31143e-07
1.474	2.26738e-07
1.48	2.2229e-07
1.486	2.17801e-07
1.492	2.13271e-07
1.498	2.08703e-07
1.504	2.04097e-07
1.51	1.99456e-07
1.516	1.9478e-07
1.522	1.9007e-07
1.528	1.8533e-07
1.534	1.80561e-07
1.54	1.75765e-07
1.546	1.70943e-07
1.552	1.66099e-07
1.558	1.61236e-07
1.564	1.56355e-07
1.57	1.51459e-07
1.576	1.46551e-07
1.582	1.41635e-07
1.588	1.36712e-07
1.594	1.31788e-07
1.6	1.26865e-07
1.606	1.21948e-07
1.612	1.17039e-07
1.618	1.12144e-07
1.624	1.07267e-07
1.6300000000000001	1.02412e-07
1.6360000000000001	9.75842e-08
1.6420000000000001	9.27886e-08
1.6480000000000001	8.803e-08
1.6540000000000001	8.33143e-08
1.6600000000000001	7.8647e-08
1.666	7.40343e-08
1.672	6.94823e-08
1.678	6.49976e-08
1.684	6.05868e-08
1.69	5.62572e-08
1.696	5.2016e-08
1.702	4.78709e-08
1.708	4.383e-08
1.714	3.99014e-08
1.72	3.60938e-08
1.726	3.24162e-08
1.732	2.88778e-08
1.738	2.54884e-08
1.744	2.2258e-08
1.75	1.91968e-08
1.756	1.63158e-08
1.762	1.36261e-08
1.768	1.11393e-08
1.774	8.86746e-09
1.78	6.82294e-09
1.786	5.01863e-09
1.792	3.46787e-09
1.798	2.18441e-09
1.804	1.18254e-09
1.81	4.76989e-10
1.816	8.29978e-11
1.8202	0.0
